0 0.49921875 0.49921875 0.99765625 0.99765625
0 0.47578125 0.07265625 0.02421875 0.021875
0 0.078125 0.66328125 0.04375 0.04609375
0 0.05078125 0.7359375 0.1015625 0.29375
0 0.81328125 0.4296875 0.3703125 0.7640625
0 0.44765625 0.79921875 0.27578125 0.39765625
0 0.22734375 0.0828125 0.0421875 0.034375
0 0.31875 0.75390625 0.534375 0.48828125
0 0.13984375 0.11015625 0.2796875 0.2203125
0 0.7359375 0.809375 0.46015625 0.378125
0 0.359375 0.384375 0.04609375 0.03203125
0 0.14140625 0.01171875 0.0203125 0.0234375
0 0.22421875 0.51015625 0.04375 0.03984375
0 0.21015625 0.415625 0.4203125 0.42421875
0 0.478125 0.65234375 0.13203125 0.06015625
0 0.475 0.07265625 0.03828125 0.034375