0 0.57578125 0.55625 0.0921875 0.0359375
0 0.271875 0.9171875 0.05625 0.05390625
0 0.75625 0.31015625 0.05234375 0.07578125
0 0.5296875 0.196875 0.27578125 0.3859375
0 0.6546875 0.528125 0.6859375 0.2796875
0 0.49921875 0.49921875 0.99765625 0.99765625
0 0.603125 0.55625 0.03828125 0.028125
0 0.47578125 0.52890625 0.028125 0.021875
0 0.51875 0.16484375 0.0296875 0.02578125
0 0.53984375 0.14609375 0.07578125 0.06796875
0 0.47421875 0.59609375 0.04765625 0.05625
0 0.21328125 0.021875 0.04609375 0.02421875
0 0.2703125 0.83984375 0.0203125 0.04375