0 0.0609375 0.60625 0.121875 0.14375
0 0.85234375 0.91328125 0.2921875 0.1703125
0 0.1171875 0.96328125 0.234375 0.0703125
0 0.2171875 0.75 0.434375 0.27578125
0 0.25 0.946875 0.03984375 0.0421875
0 0.05078125 0.40703125 0.065625 0.05
0 0.6703125 0.04765625 0.02421875 0.02421875
0 0.79921875 0.5890625 0.0421875 0.0296875
0 0.9796875 0.98671875 0.0359375 0.021875
0 0.68125 0.04765625 0.04609375 0.028125
0 0.565625 0.98125 0.04375 0.034375
0 0.40625 0.090625 0.290625 0.18125
0 0.69765625 0.21796875 0.03984375 0.04375
0 0.16875 0.94375 0.03828125 0.028125
0 0.48203125 0.86328125 0.228125 0.2703125
0 0.49921875 0.49921875 0.99765625 0.99765625