0 0.78984375 0.2546875 0.0796875 0.0578125
0 0.7890625 0.88515625 0.41796875 0.22578125
0 0.49921875 0.49921875 0.99765625 0.99765625
0 0.6203125 0.2671875 0.4359375 0.534375
0 0.18984375 0.27265625 0.3796875 0.334375
0 0.3859375 0.48515625 0.0359375 0.02578125
0 0.603125 0.8703125 0.05 0.0640625
0 0.85625 0.28828125 0.071875 0.08828125
0 0.440625 0.68515625 0.021875 0.02578125
0 0.07421875 0.378125 0.05625 0.0359375
0 0.68515625 0.68671875 0.51796875 0.18984375
0 0.83515625 0.2828125 0.0296875 0.04609375
0 0.8203125 0.278125 0.13984375 0.1078125