0 0.584375 0.14375 0.07578125 0.05234375
0 0.25078125 0.7 0.5015625 0.590625
0 0.49921875 0.49921875 0.99765625 0.99765625
0 0.48984375 0.578125 0.30390625 0.41171875
0 0.615625 0.43125 0.18828125 0.4703125
0 0.91015625 0.96171875 0.05234375 0.071875
0 0.596875 0.12421875 0.10234375 0.0921875
0 0.0078125 0.58828125 0.015625 0.05625
0 0.75 0.72578125 0.26015625 0.4203125
0 0.0359375 0.67578125 0.028125 0.03203125
0 0.5046875 0.946875 0.0578125 0.06171875
0 0.1703125 0.59765625 0.33984375 0.3796875
0 0.98515625 0.4828125 0.02578125 0.39765625