0 0.8046875 0.57421875 0.3859375 0.22421875
0 0.61171875 0.0203125 0.06015625 0.03984375
0 0.9609375 0.0796875 0.07421875 0.1
0 0.33515625 0.03515625 0.05390625 0.0703125
0 0.97734375 0.63671875 0.0421875 0.065625
0 0.61875 0.615625 0.04609375 0.06015625
0 0.59609375 0.64609375 0.09609375 0.1203125
0 0.5359375 0.64921875 0.215625 0.12578125
0 0.52890625 0.43828125 0.0421875 0.0640625
0 0.49921875 0.49921875 0.99765625 0.99765625
0 0.7140625 0.646875 0.5640625 0.12578125
0 0.8046875 0.6453125 0.3859375 0.08203125
0 0.84296875 0.46875 0.234375 0.0578125
0 0.91875 0.978125 0.1578125 0.03984375
0 0.92109375 0.98828125 0.15390625 0.0203125