0 0.3671875 0.32734375 0.38984375 0.3703125
0 0.48671875 0.33203125 0.15 0.3640625
0 0.49921875 0.49921875 0.99765625 0.99765625
0 0.9390625 0.28828125 0.11796875 0.1359375
0 0.34296875 0.26875 0.28203125 0.25
0 0.9390625 0.32109375 0.11796875 0.06171875
0 0.93671875 0.54921875 0.121875 0.09375
0 0.3453125 0.01484375 0.21015625 0.0296875
0 0.09921875 0.7453125 0.19765625 0.50625
0 0.23515625 0.17734375 0.06171875 0.06171875
0 0.509375 0.46171875 0.6578125 0.64375
0 0.17109375 0.321875 0.3421875 0.2078125
0 0.4921875 0.01484375 0.53203125 0.0296875
0 0.75234375 0.80625 0.4921875 0.384375