0 0.52890625 0.21484375 0.93828125 0.42578125
0 0.49921875 0.49921875 0.99765625 0.99765625
0 0.73671875 0.72890625 0.03828125 0.0296875
0 0.03515625 0.18984375 0.0703125 0.071875
0 0.346875 0.890625 0.28984375 0.2140625
0 0.81875 0.76796875 0.3578125 0.44765625
0 0.409375 0.61328125 0.6578125 0.16171875
0 0.3640625 0.6703125 0.04375 0.0359375
0 0.56328125 0.77109375 0.221875 0.27421875
0 0.009375 0.53828125 0.01796875 0.06796875
0 0.3 0.43828125 0.09609375 0.03203125
0 0.3609375 0.36015625 0.721875 0.428125