0 0.75703125 0.1296875 0.17421875 0.215625
0 0.465625 0.43828125 0.04375 0.03984375
0 0.49921875 0.49921875 0.99765625 0.99765625
0 0.4203125 0.58125 0.06796875 0.0578125
0 0.71328125 0.19375 0.25 0.08828125
0 0.42890625 0.459375 0.11796875 0.0859375
0 0.1 0.10703125 0.2 0.1578125
0 0.765625 0.79921875 0.4640625 0.39765625
0 0.00390625 0.04609375 0.0078125 0.03984375
0 0.95625 0.8453125 0.084375 0.20625
0 0.7203125 0.63984375 0.06015625 0.028125
0 0.68515625 0.2640625 0.05390625 0.03984375
0 0.771875 0.178125 0.13203125 0.0640625
0 0.51484375 0.26328125 0.6578125 0.48203125