0 0.49921875 0.49921875 0.99765625 0.99765625
0 0.86171875 0.340625 0.0359375 0.03828125
0 0.7921875 0.296875 0.41171875 0.59375
0 0.14375 0.82890625 0.2875 0.3359375
0 0.3453125 0.97265625 0.1296875 0.05
0 0.69765625 0.8046875 0.41171875 0.29375
0 0.434375 0.090625 0.234375 0.18125
0 0.5390625 0.26875 0.2859375 0.25390625
0 0.078125 0.08984375 0.0203125 0.015625
0 0.58984375 0.70234375 0.03203125 0.03984375
0 0.51171875 0.61171875 0.59609375 0.2
0 0.2421875 0.725 0.0921875 0.12578125
0 0.125 0.359375 0.25 0.71796875