0 0.5671875 0.83984375 0.86171875 0.315625
0 0.9078125 0.3359375 0.1796875 0.3359375
0 0.64375 0.815625 0.0359375 0.028125
0 0.49921875 0.49921875 0.99765625 0.99765625
0 0.6078125 0.84765625 0.02421875 0.028125
0 0.628125 0.534375 0.44765625 0.6078125
0 0.796875 0.8421875 0.40234375 0.31171875
0 0.259375 0.39921875 0.51796875 0.58203125
0 0.75078125 0.68984375 0.49375 0.16015625
0 0.615625 0.33515625 0.015625 0.02578125
0 0.628125 0.83203125 0.06796875 0.0640625
0 0.66171875 0.17890625 0.671875 0.265625