0 0.65625 0.975 0.1796875 0.04609375
0 0.9609375 0.0296875 0.071875 0.059375
0 0.4703125 0.82109375 0.14765625 0.1140625
0 0.49921875 0.49921875 0.99765625 0.99765625
0 0.23125 0.53125 0.25390625 0.05
0 0.3296875 0.325 0.16796875 0.30625
0 0.09375 0.171875 0.06796875 0.04375
0 0.71875 0.4203125 0.3296875 0.29609375
0 0.26171875 0.37421875 0.0359375 0.0640625
0 0.49921875 0.8 0.08984375 0.06796875
0 0.5421875 0.49765625 0.0796875 0.22421875
0 0.33671875 0.95078125 0.29765625 0.09375
0 0.02890625 0.859375 0.0578125 0.10234375