0 0.69765625 0.38125 0.07578125 0.0703125
0 0.49921875 0.49921875 0.99765625 0.99765625
0 0.75390625 0.3796875 0.1921875 0.07578125
0 0.50625 0.4609375 0.03984375 0.03828125
0 0.79296875 0.37421875 0.1140625 0.04375
0 0.98125 0.48828125 0.034375 0.09609375
0 0.8078125 0.26796875 0.3796875 0.5359375
0 0.96171875 0.1359375 0.05234375 0.04375
0 0.18515625 0.3640625 0.19375 0.228125
0 0.865625 0.87578125 0.2640625 0.24375
0 0.72890625 0.70234375 0.078125 0.071875
0 0.61484375 0.5078125 0.765625 0.46015625
0 0.90703125 0.78203125 0.034375 0.03984375
0 0.98125 0.46484375 0.034375 0.04609375