0 0.40234375 0.7203125 0.80390625 0.40390625
0 0.49921875 0.49921875 0.99765625 0.99765625
0 0.41484375 0.6046875 0.0578125 0.034375
0 0.6828125 0.3828125 0.03828125 0.034375
0 0.83125 0.74375 0.334375 0.5
0 0.73984375 0.4390625 0.04375 0.0578125
0 0.34921875 0.60078125 0.03828125 0.0296875
0 0.70390625 0.6453125 0.028125 0.0296875
0 0.025 0.64296875 0.05 0.178125
0 0.859375 0.865625 0.04609375 0.03984375
0 0.76796875 0.309375 0.46015625 0.61796875
0 0.05234375 0.4546875 0.0359375 0.04609375
0 0.34375 0.3296875 0.6875 0.659375
0 0.196875 0.39375 0.38984375 0.53203125