0 0.68203125 0.63984375 0.09609375 0.128125
0 0.49921875 0.49921875 0.99765625 0.99765625
0 0.625 0.5109375 0.078125 0.07421875
0 0.52265625 0.8328125 0.31015625 0.3296875
0 0.98828125 0.06328125 0.0203125 0.05390625
0 0.19921875 0.46796875 0.19765625 0.17578125
0 0.70625 0.60703125 0.04765625 0.0578125
0 0.85625 0.62578125 0.284375 0.07578125
0 0.5609375 0.66171875 0.11796875 0.0796875
0 0.615625 0.640625 0.228125 0.1296875
0 0.65078125 0.53984375 0.1578125 0.328125
0 0.2828125 0.91875 0.0296875 0.06171875
0 0.03125 0.53828125 0.06171875 0.54765625
0 0.8640625 0.16484375 0.16796875 0.2703125
0 0.815625 0.62734375 0.3640625 0.15
0 0.50390625 0.32578125 0.18828125 0.271875
0 0.66796875 0.64375 0.06796875 0.07578125