0 0.49921875 0.49921875 0.99765625 0.99765625
0 0.5828125 0.18671875 0.03828125 0.021875
0 0.746875 0.89765625 0.0578125 0.028125
0 0.19609375 0.540625 0.3921875 0.75390625
0 0.12890625 0.09296875 0.2578125 0.1859375
0 0.96875 0.91875 0.04609375 0.08203125
0 0.50078125 0.1796875 0.03828125 0.05234375
0 0.46875 0.434375 0.0296875 0.0203125
0 0.4109375 0.14921875 0.234375 0.13828125
0 0.90703125 0.65 0.18203125 0.12421875
0 0.64609375 0.30703125 0.7 0.465625
0 0.67265625 0.04609375 0.0296875 0.028125
0 0.5046875 0.18671875 0.0578125 0.07421875
0 0.45 0.7046875 0.284375 0.37421875
0 0.46796875 0.92265625 0.6 0.15