0 0.49921875 0.49921875 0.99765625 0.99765625
0 0.80625 0.4421875 0.06796875 0.071875
0 0.71328125 0.4828125 0.09375 0.0578125
0 0.7890625 0.36796875 0.0296875 0.028125
0 0.003125 0.38203125 0.00625 0.07578125
0 0.84375 0.55703125 0.05625 0.0859375
0 0.75234375 0.415625 0.04375 0.02421875
0 0.1953125 0.72265625 0.38984375 0.55
0 0.753125 0.4609375 0.17421875 0.1140625
0 0.01484375 0.4140625 0.01796875 0.0203125
0 0.01171875 0.3859375 0.0234375 0.08125
0 0.61015625 0.38203125 0.03984375 0.04375
0 0.71484375 0.44296875 0.25 0.165625
0 0.7953125 0.6203125 0.40625 0.75625
0 0.00078125 0.371875 0.0015625 0.05
0 0.746875 0.45 0.034375 0.0359375