0 0.8796875 0.55 0.05234375 0.06015625
0 0.49921875 0.49921875 0.99765625 0.99765625
0 0.765625 0.84296875 0.08828125 0.034375
0 0.7421875 0.809375 0.51171875 0.278125
0 0.675 0.47265625 0.26171875 0.3421875
0 0.834375 0.27109375 0.328125 0.5421875
0 0.66875 0.45 0.034375 0.03203125
0 0.0421875 0.384375 0.0359375 0.04375
0 0.70625 0.41328125 0.03984375 0.034375
0 0.63203125 0.83984375 0.0359375 0.04375
0 0.85703125 0.71171875 0.02578125 0.03203125
0 0.68828125 0.43125 0.07578125 0.0703125
0 0.5890625 0.93671875 0.06171875 0.03828125
0 0.396875 0.796875 0.28984375 0.40234375