0 0.52578125 0.6703125 0.94375 0.38828125
0 0.621875 0.11171875 0.06796875 0.05234375
0 0.6671875 0.0203125 0.08984375 0.03984375
0 0.49921875 0.49921875 0.99765625 0.99765625
0 0.39765625 0.18125 0.02421875 0.02578125
0 0.43671875 0.11796875 0.55 0.2359375
0 0.7109375 0.078125 0.24609375 0.15625
0 0.9296875 0.909375 0.1359375 0.121875
0 0.85390625 0.30390625 0.0203125 0.0203125
0 0.16875 0.096875 0.03828125 0.03828125
0 0.625 0.08828125 0.07421875 0.10390625
0 0.92890625 0.959375 0.021875 0.02578125
0 0.6578125 0.1109375 0.13984375 0.078125