0 0.49921875 0.49921875 0.99765625 0.99765625
0 0.55703125 0.815625 0.3421875 0.3640625
0 0.71796875 0.60625 0.1 0.115625
0 0.68125 0.51796875 0.17421875 0.3
0 0.65234375 0.6171875 0.23203125 0.134375
0 0.521875 0.28984375 0.2 0.28828125
0 0.58828125 0.640625 0.1078125 0.07421875
0 0.61171875 0.4 0.03203125 0.06015625
0 0.8953125 0.146875 0.1703125 0.2703125
0 0.64921875 0.4390625 0.10625 0.13828125
0 0.865625 0.878125 0.05234375 0.06015625
0 0.12734375 0.47734375 0.04609375 0.0578125
0 0.7140625 0.615625 0.05234375 0.0796875
0 0.97890625 0.12890625 0.03828125 0.2578125