0 0.05625 0.165625 0.11171875 0.184375
0 0.01875 0.059375 0.02578125 0.034375
0 0.49921875 0.49921875 0.99765625 0.99765625
0 0.75234375 0.4828125 0.4921875 0.7859375
0 0.13984375 0.42890625 0.2796875 0.35
0 0.22265625 0.425 0.05390625 0.03828125
0 0.93671875 0.3328125 0.0296875 0.02578125
0 0.2921875 0.83515625 0.26796875 0.32578125
0 0.978125 0.72421875 0.028125 0.0203125
0 0.36484375 0.115625 0.02578125 0.02421875
0 0.21171875 0.7734375 0.4234375 0.446875
0 0.10625 0.559375 0.0640625 0.05
0 0.6078125 0.83984375 0.471875 0.315625
0 0.053125 0.1578125 0.03828125 0.0359375