0 0.49921875 0.49921875 0.99765625 0.99765625
0 0.77890625 0.7671875 0.43828125 0.44609375
0 0.3328125 0.49609375 0.05 0.06796875
0 0.45390625 0.68828125 0.61171875 0.44765625
0 0.04609375 0.09765625 0.0921875 0.1953125
0 0.64296875 0.70234375 0.021875 0.02421875
0 0.48515625 0.0171875 0.02578125 0.034375
0 0.23828125 0.946875 0.4 0.10234375
0 0.25234375 0.825 0.115625 0.05390625
0 0.58359375 0.1796875 0.8234375 0.359375
0 0.36328125 0.2859375 0.021875 0.0203125
0 0.52265625 0.88203125 0.01796875 0.028125
0 0.184375 0.81171875 0.0203125 0.0203125
0 0.090625 0.8890625 0.0421875 0.034375
0 0.5453125 0.91328125 0.48984375 0.1703125
0 0.8109375 0.740625 0.37421875 0.11015625