1 0.471 0.462 0.08200000000000002 0.15600000000000003
1 0.189 0.31 0.09 0.09199999999999997
1 0.126 0.15100000000000002 0.03999999999999998 0.13000000000000003
1 0.6599999999999999 0.644 0.09999999999999998 0.06800000000000006
1 0.716 0.76 0.08399999999999996 0.1479999999999999
1 0.9 0.751 0.0239999999999998 0.05400000000000005
1 0.916 0.709 0.039999999999999813 0.050000000000000044
1 0.881 0.675 0.038000000000000145 0.08599999999999997
1 0.38 0.8600000000000001 0.09200000000000003 0.14400000000000002
1 0.11399999999999999 0.708 0.08 0.1120000000000001
1 0.088 0.8109999999999999 0.11599999999999999 0.09399999999999997