1 0.9229999999999999 0.472 0.1060000000000001 0.08400000000000002
1 0.72 0.44100000000000006 0.06799999999999995 0.09000000000000002
1 0.809 0.788 0.09400000000000008 0.124
1 0.687 0.669 0.08199999999999996 0.138
1 0.5940000000000001 0.6890000000000001 0.07199999999999995 0.15800000000000003
1 0.5489999999999999 0.714 0.061999999999999944 0.16000000000000003
1 0.46599999999999997 0.6990000000000001 0.09600000000000003 0.126
1 0.254 0.856 0.19199999999999998 0.256
1 0.495 0.8310000000000001 0.09000000000000002 0.09800000000000009
1 0.635 0.8280000000000001 0.062000000000000055 0.1200000000000001
1 0.75 0.8340000000000001 0.07200000000000006 0.07600000000000007
1 0.824 0.959 0.1399999999999999 0.07800000000000007
1 0.804 0.91 0.10400000000000009 0.07200000000000006