1 0.454 0.405 0.06400000000000006 0.15400000000000008
1 0.562 0.434 0.07999999999999996 0.16800000000000004
1 0.476 0.32799999999999996 0.09200000000000003 0.09200000000000003
1 0.71 0.36 0.12 0.13600000000000007
1 0.644 0.261 0.052000000000000046 0.12999999999999995
1 0.544 0.254 0.052000000000000046 0.14799999999999996
1 0.15000000000000002 0.562 0.07599999999999998 0.13599999999999995
1 0.046 0.456 0.072 0.15200000000000002
1 0.134 0.751 0.07599999999999998 0.06600000000000006
1 0.057999999999999996 0.683 0.05199999999999999 0.19399999999999995
1 0.18 0.826 0.07600000000000004 0.15599999999999992
1 0.7110000000000001 0.851 0.07399999999999995 0.10599999999999987
1 0.44900000000000007 0.554 0.066 0.11199999999999993