1 0.354 0.33499999999999996 0.09599999999999997 0.174
1 0.1 0.513 0.08799999999999998 0.045999999999999985
1 0.478 0.846 0.052000000000000046 0.19199999999999995
1 0.493 0.35 0.08600000000000002 0.14000000000000007
1 0.8109999999999999 0.512 0.04999999999999993 0.19999999999999996
1 0.772 0.873 0.07599999999999996 0.19399999999999995
1 0.406 0.921 0.023999999999999966 0.15400000000000003
1 0.397 0.829 0.10600000000000004 0.05799999999999994
1 0.6079999999999999 0.223 0.10399999999999998 0.062
1 0.885 0.11800000000000001 0.09799999999999998 0.168
1 0.669 0.6000000000000001 0.10599999999999998 0.10799999999999998
1 0.736 0.726 0.10799999999999998 0.16799999999999993
1 0.548 0.16000000000000003 0.03199999999999992 0.1