1 0.5309999999999999 0.334 0.04999999999999993 0.14800000000000002
1 0.352 0.275 0.04400000000000004 0.12599999999999995
1 0.222 0.213 0.02799999999999997 0.045999999999999985
1 0.07900000000000001 0.345 0.054000000000000006 0.11800000000000005
1 0.134 0.611 0.07999999999999999 0.126
1 0.056 0.657 0.068 0.13
1 0.593 0.585 0.06600000000000006 0.07399999999999995
1 0.936 0.557 0.07200000000000006 0.07400000000000007
1 0.939 0.501 0.07000000000000006 0.08600000000000002
1 0.872 0.456 0.06399999999999983 0.07600000000000007
1 0.9159999999999999 0.382 0.04400000000000015 0.11200000000000004