1 0.404 0.629 0.05600000000000005 0.15799999999999992
1 0.159 0.885 0.07 0.16999999999999993
1 0.19 0.793 0.11199999999999999 0.1100000000000001
1 0.274 0.8440000000000001 0.08000000000000002 0.09599999999999997
1 0.248 0.32099999999999995 0.06399999999999995 0.07800000000000001
1 0.396 0.294 0.08000000000000007 0.09199999999999997
1 0.843 0.264 0.06600000000000006 0.15599999999999997
1 0.883 0.5920000000000001 0.08599999999999985 0.124
1 0.8340000000000001 0.629 0.11199999999999999 0.1259999999999999
1 0.46499999999999997 0.744 0.11000000000000004 0.14
1 0.6639999999999999 0.318 0.09199999999999997 0.09599999999999997
1 0.659 0.09699999999999999 0.04600000000000004 0.13399999999999998
1 0.391 0.054000000000000006 0.03799999999999998 0.10800000000000001
1 0.32599999999999996 0.609 0.08800000000000002 0.138
1 0.226 0.455 0.05199999999999999 0.11399999999999999
1 0.178 0.231 0.06800000000000003 0.08600000000000002
1 0.85 0.47800000000000004 0.06400000000000006 0.09999999999999998
1 0.32499999999999996 0.907 0.05399999999999999 0.18199999999999994