2 0.813 0.12200000000000001 0.37 0.14
2 0.11999999999999998 0.094 0.21199999999999997 0.13999999999999999
2 0.43700000000000006 0.22199999999999998 0.23400000000000004 0.11199999999999999
2 0.452 0.328 0.124 0.15200000000000002
2 0.54 0.463 0.16399999999999998 0.13
2 0.7000000000000001 0.5880000000000001 0.32800000000000007 0.09199999999999997
2 0.13399999999999998 0.513 0.18799999999999997 0.12200000000000011
2 0.281 0.38 0.21800000000000003 0.124
2 0.094 0.438 0.188 0.132
2 0.736 0.393 0.3600000000000001 0.08600000000000008
2 0.611 0.262 0.22599999999999992 0.15999999999999998