2 0.14300000000000002 0.168 0.218 0.07600000000000001
2 0.6839999999999999 0.41400000000000003 0.15600000000000003 0.06800000000000006
2 0.548 0.08399999999999999 0.15200000000000002 0.072
2 0.909 0.065 0.17800000000000005 0.08600000000000002
2 0.89 0.276 0.19199999999999995 0.068
2 0.28600000000000003 0.5389999999999999 0.13599999999999995 0.05799999999999994
2 0.379 0.317 0.118 0.08599999999999997
2 0.5 0.383 0.11600000000000005 0.05800000000000005
2 0.6100000000000001 0.192 0.11199999999999999 0.1
2 0.56 0.805 0.12 0.03400000000000003
2 0.10899999999999999 0.41300000000000003 0.142 0.05400000000000005
2 0.139 0.675 0.11000000000000001 0.06599999999999995