2 0.247 0.407 0.22199999999999998 0.138
2 0.373 0.471 0.254 0.09800000000000003
2 0.172 0.262 0.11999999999999997 0.204
2 0.8380000000000001 0.33899999999999997 0.07599999999999996 0.20600000000000002
2 0.392 0.6990000000000001 0.15600000000000003 0.18600000000000005
2 0.653 0.847 0.11799999999999988 0.15000000000000002
2 0.65 0.696 0.08800000000000008 0.17200000000000004
2 0.547 0.718 0.11399999999999993 0.1080000000000001
2 0.166 0.9299999999999999 0.10400000000000004 0.128
2 0.11399999999999999 0.5860000000000001 0.072 0.09199999999999997
2 0.1 0.7 0.06000000000000001 0.14
2 0.6759999999999999 0.451 0.06799999999999995 0.18600000000000005