2 0.471 0.375 0.13800000000000007 0.15399999999999997
2 0.815 0.16799999999999998 0.366 0.13999999999999999
2 0.126 0.14100000000000001 0.212 0.134
2 0.333 0.08 0.19800000000000006 0.148
2 0.25 0.222 0.18399999999999997 0.08400000000000002
2 0.44499999999999995 0.265 0.238 0.11399999999999999
2 0.287 0.43 0.22999999999999998 0.132
2 0.14500000000000002 0.6479999999999999 0.24200000000000002 0.12
2 0.762 0.43700000000000006 0.38 0.08200000000000002
2 0.374 0.599 0.21600000000000003 0.14200000000000002
2 0.05600000000000001 0.3 0.11200000000000002 0.128
2 0.63 0.774 0.256 0.09199999999999997