2 0.483 0.5660000000000001 0.13799999999999996 0.14800000000000002
2 0.628 0.555 0.17999999999999994 0.16999999999999998
2 0.521 0.7430000000000001 0.13000000000000012 0.19000000000000006
2 0.107 0.6360000000000001 0.182 0.07599999999999996
2 0.6260000000000001 0.34199999999999997 0.136 0.13599999999999995
2 0.7070000000000001 0.211 0.126 0.16199999999999998
2 0.8049999999999999 0.27 0.18600000000000005 0.08800000000000002
2 0.951 0.258 0.09400000000000008 0.09999999999999998
2 0.9450000000000001 0.587 0.09799999999999986 0.118
2 0.863 0.6819999999999999 0.1459999999999999 0.09599999999999997
2 0.285 0.867 0.10599999999999998 0.14600000000000002