2 0.812 0.098 0.372 0.13999999999999999
2 0.726 0.363 0.3679999999999999 0.08599999999999997
2 0.443 0.30200000000000005 0.13 0.15599999999999997
2 0.5190000000000001 0.439 0.15800000000000003 0.134
2 0.269 0.353 0.226 0.12600000000000006
2 0.094 0.41000000000000003 0.188 0.12800000000000006
2 0.137 0.488 0.186 0.12400000000000005
2 0.612 0.7010000000000001 0.26799999999999996 0.09399999999999997
2 0.9279999999999999 0.539 0.14 0.12199999999999994
2 0.9260000000000002 0.40800000000000003 0.14 0.188
2 0.613 0.23099999999999998 0.23799999999999993 0.166
2 0.32099999999999995 0.044 0.16999999999999998 0.088
2 0.12199999999999998 0.068 0.21199999999999997 0.136